1101,台泥,1,3692175,253952,60;90
1102,亞泥,1,3361447,253952,60;90
1103,嘉泥,1,774780,253952,60;90
1104,環泥,1,628289,253952,60;90
1108,幸福,1,404738,253952,60;90
1109,信大,1,378900,127008,60
1110,東泥,1,572000,253952,60;90
1201,味全,2,506062,253952,60;90
1203,味王,2,240000,253952,60;90
1210,大成,2,736394,253952,60;90
1213,大飲,2,51475,253952,60;90
1215,卜蜂,2,267991,253952,60;90
1216,統一,2,5682015,253952,60;90
1217,愛之味,2,487205,253952,60;90
1218,泰山,2,353336,253952,60;90
1219,福壽,2,318825,253984,60
1220,台榮,2,177077,126976,60;90
1225,福懋油,2,218703,253952,60;90
1227,佳格,2,792697,253952,60;90
1229,聯華,2,888719,253952,60;90
1231,聯華食,2,148113,253952,60;90
1232,大統益,2,159974,253952,60;90
1233,天仁,2,90591,253984,60
1234,黑松,2,401871,253952,60;90
1235,興泰,2,60662,253952,60;90
1236,宏亞,2,108342,253952,50;100
1256,鮮活果汁-KY,2,27165
1262,綠悅-KY,20,148500,253952,60;90
1301,台塑,3,6365740,253984,60
1303,南亞,3,7930821,253952,60;90
1304,台聚,3,1142602,253952,60;90
1305,華夏,3,468303,253952,60;90
1307,三芳,3,386231,253952,60;90
1308,亞聚,3,493160,253952,60;90
1309,台達化,3,327651,253952,60;90
1310,台苯,3,527869,253952,60;90
1312,國喬,3,926620,253952,60;90
1312A,國喬特,3
1313,聯成,3,1171236,253952,60;90
1314,中石化,3,2319989,253952,60;90
1315,達新,3,198000,253952,60;90
1316,上曜,21,169907
1319,東陽,3,591477,253952,60;90
1321,大洋,3,227228,253952,60;90
1323,永裕,3,91274,253952,60;90
1324,地球,3,75121,253952,50;100
1325,恆大,3,100330,253984,60
1326,台化,3,5861186,126976,60;90
1337,再生-KY,3,259588,253952,60;90
1338,廣華-KY,12,83840,127008,60
1339,昭輝,3,74138,253952,60;90
1340,勝悅-KY,3,114893,253952,60;90
1402,遠東新,4,5352875,253952,60;90
1409,新纖,4,1618409,253952,60;90
1410,南染,4,72000,253952,60;90
1413,宏洲,4,132112
1414,東和,4,220000,253952,60;90
1416,廣豐,4,264020,253952,60;90
1417,嘉裕,4,379883,253952,60;90
1418,東華,4,131927,4
1419,新紡,4,300041,253952,60;90
1423,利華,4,173000,253952,60;90
1432,大魯閣,4,168019,253952,60;90
1434,福懋,4,1684664,253952,60;90
1435,中福,20,139780
1436,華友聯,14,69000,253952,60;90
1437,勤益控,24,200189,253952,60;90
1438,裕豐,14,102411
1439,中和,4,92000,253952,50;100
1440,南紡,4,1656815,253952,60;90
1441,大東,4,89799,48
1442,名軒,14,243983,253952,60;90
1443,立益,4,135343,48
1444,力麗,4,957302,253952,60;90
1445,大宇,4,138667,253952,60;90
1446,宏和,4,137709,253952,60;90
1447,力鵬,4,914487,253952,60;90
1449,佳和,4,120000
1451,年興,4,400000,253952,60;90
1452,宏益,4,132641,253952,60;90
1453,大將,4,87916,253952,50;100
1454,台富,4,140309,253952,60;90
1455,集盛,4,611763,253952,60;90
1456,怡華,4,93720,253952,50;100
1457,宜進,4,335164,127008,60
1459,聯發,4,358628,253952,60;90
1460,宏遠,4,471189,126976,60;90
1463,強盛,4,173268,253984,60
1464,得力,4,272155,253952,60;90
1465,偉全,4,103607,253952,50;100
1466,聚隆,4,111157,253952,60;90
1467,南緯,4,210262,253952,60;90
1468,昶和,4,160405
1469,理隆,4,124600
1470,大統染,4,85767,253952,50;100
1471,首利,28,201467,253952,60;90
1472,三洋紡,4,74150
1473,台南,4,146734,253952,60;90
1474,弘裕,4,129897,126976,60;90
1475,本盟,4,52516
1476,儒鴻,4,268987,127008,60
1477,聚陽,4,198888,253952,60;90
1503,士電,5,520972,253952,60;90
1504,東元,5,2002692,253952,60;90
1506,正道,5,122255,254016,60;90
1507,永大,5,410820,126976,60;90
1512,瑞利,5,181802,48
1513,中興電,5,420000,253952,60;90
1514,亞力,5,201067,253952,60;90
1515,力山,5,181473,253952,60;90
1516,川飛,20,23314,254016,60;90
1517,利奇,5,227825,253952,60;90
1519,華城,5,261058,253984,60
1521,大億,5,76230,253952,60;90
1522,堤維西,5,312897,253952,60;90
1524,耿鼎,5,179685,253952,60;90
1525,江申,5,69245,253952,60;90
1526,日馳,5,50000,253952,60;90
1527,鑽全,5,137960,253984,60
1528,恩德,5,180000,253952,60;90
1529,樂士,5,299708,5
1530,亞崴,5,91994,253952,50;100
1531,高林股,5,193151,253952,60;90
1532,勤美,5,385252,253984,60
1533,車王電,5,94757,253952,60;90
1535,中宇,5,123742,253952,60;90
1536,和大,5,234956,127008,60
1537,廣隆,5,81785,253952,60;90
1538,正峰新,5,83135
1539,巨庭,5,65370,253952,60;90
1540,喬福,5,85473,253952,60;90
1541,錩泰,5,78800,253952,60;90
1558,伸興,5,60552,253952,60;90
1560,中砂,5,141000,253952,60;90
1568,倉佑,5,103086,253952,60;90
1582,信錦,28,149856,253952,60;90
1583,程泰,5,100330,253952,60;90
1589,永冠-KY,5,118702,253984,60
1590,亞德客-KY,5,179025,253952,60;90
1592,英瑞-KY,5,100433,253952,60;90
1603,華電,6,273840,253952,60;90
1604,聲寶,6,525000,253952,60;90
1605,華新,6,3576000,253952,60;90
1608,華榮,6,632773,253952,60;90
1609,大亞,6,572180,253952,60;90
1611,中電,6,398439,253952,60;90
1612,宏泰,6,316080,127008,60
1613,台一,6,227528,48
1614,三洋電,6,269113,253952,60;90
1615,大山,6,111861,253952,50;100
1616,億泰,6,194148,48
1617,榮星,6,144233,253952,50;100
1618,合機,6,240864,253952,60;90
1626,艾美特-KY,6,122884,253952,60;90
1701,中化,22,298081,253952,60;90
1702,南僑,2,294133,253952,60;90
1704,榮化,21,856009,253952,60;90
1707,葡萄王,22,130332,253952,60;90
1708,東鹼,21,182719,253952,60;90
1709,和益,21,430833,253952,60;90
1710,東聯,21,885703,253952,60;90
1711,永光,21,521668,253952,60;90
1712,興農,21,344803,253952,60;90
1713,國化,21,150951,253952,50;100
1714,和桐,21,958592,253952,60;90
1715,萬洲,3,414921,253952,60;90
1717,長興,21,1022169,253952,60;90
1718,中纖,21,1361693,253952,60;90
1720,生達,22,178696,253952,60;90
1721,三晃,21,222347,253952,60;90
1722,台肥,21,980000,253952,60;90
1723,中碳,21,236904,253984,60
1724,台硝,21,127813,253952,60;90
1725,元禎,21,181830,253952,50;100
1726,永記,21,162000,253952,60;90
1727,中華化,21,110250,126976,50;100
1729,必翔,22,185414,253952,60;90
1730,花仙子,21,56981,253952,60;90
1731,美吾華,22,132915,253952,60;90
1732,毛寶,21,42444,253952,60;90
1733,五鼎,22,99287,253952,60;90
1734,杏輝,22,161271,253952,60;90
1735,日勝化,21,99388,127008,60
1736,喬山,22,304016,253952,60;90
1737,臺鹽,2,200000,253952,60;90
1762,中化生,22,77560,253952,60;90
1773,勝一,21,150000,253952,60;90
1776,展宇,21,69560
1783,和康生,22,78757,253952,60;90
1786,科妍,22,53500,126976,60;90
1789,神隆,22,731082,253952,60;90
1802,台玻,8,2508060,253952,60;90
1805,寶徠,14,80265,253952,60;90
1806,冠軍,8,437335,253952,60;90
1808,潤隆,14,233494,253952,60;90
1809,中釉,8,189820,126976,60;90
1810,和成,8,369853,253952,60;90
1817,凱撒衛,8,72600,253952,60;90
1902,台紙,9,402000,253952,60;90
1903,士紙,9,260039,253952,60;90
1904,正隆,9,1108274,126976,60;90
1905,華紙,9,1102835,253952,60;90
1906,寶隆,9,151000,126976,60;90
1907,永豐餘,9,1660371,253952,60;90
1909,榮成,9,837113,253952,60;90
2002,中鋼,10,15773129,253952,60;90
2002A,中鋼特,10
2006,東和鋼鐵,10,998221,253952,60;90
2007,燁興,10,630651
2008,高興昌,10,247942,253952,60;90
2009,第一銅,10,359622,48
2010,春源,10,647655,127008,60
2012,春雨,10,287774,253952,60;90
2013,中鋼構,10,200000,253984,60
2014,中鴻,10,1435544,4
2015,豐興,10,581599,253952,60;90
2017,官田鋼,10,327145,253952,60;90
2020,美亞,10,244126,253952,60;90
2022,聚亨,10,547091
2023,燁輝,10,1718090,253952,60;90
2024,志聯,10,97500,253952,60;90
2027,大成鋼,10,808180,253952,60;90
2028,威致,10,542858,5
2029,盛餘,10,321180,253952,60;90
2030,彰源,10,286526,253952,60;90
2031,新光鋼,10,275638,127008,60
2032,新鋼,10,130521,253952,60;90
2033,佳大,10,80694,253952,50;100
2034,允強,10,370118,253952,60;90
2038,海光,10,172632,253952,60;90
2049,上銀,5,269278,253952,60;90
2059,川湖,28,95297,253952,60;90
2062,橋椿,20,163648,253952,60;90
2069,運錩,10,124310
2101,南港,11,833934,127008,60
2102,泰豐,11,464048,253952,60;90
2103,台橡,11,825710,253952,60;90
2104,中橡,11,598654,253952,60;90
2105,正新,11,3241415,253952,60;90
2106,建大,11,857280,253952,60;90
2107,厚生,11,481777,253952,60;90
2108,南帝,11,425368,253952,60;90
2109,華豐,11,325832,253952,60;90
2114,鑫永銓,11,67525,253984,50
2115,六暉-KY,11,74494,253952,60;90
2201,裕隆,12,1572919,253952,60;90
2204,中華,12,1384050,253952,60;90
2206,三陽工業,12,880044,253952,60;90
2207,和泰車,12,546179,253952,60;90
2208,台船,15,743565,127008,60
2227,裕日車,12,300000
2228,劍麟,5,75484,253952,60;90
2231,為升,5,83643,253952,60;90
2236,百達-KY,5,33867
2239,英利-KY,12,110000
2301,光寶科,25,2334928,253952,60;90
2302,麗正,24,166302,253952,60;90
2303,聯電,24,12624318,127008,60
2305,全友,25,205660,253952,60;90
2308,台達電,28,2597543,126976,60;90
2311,日月光,24,7918272,253952,60;90
2312,金寶,31,1455657,253952,60;90
2313,華通,28,1191820,127008,60
2314,台揚,27,400645
2316,楠梓電,28,281004,253952,60;90
2317,鴻海,31,15638288,253952,60;90
2321,東訊,27,630665,5
2323,中環,26,1935211,253952,60;90
2324,仁寶,25,4470486,253952,60;90
2325,矽品,24,3116361,253952,60;90
2327,國巨,28,642818,253952,60;90
2328,廣宇,28,518346,253952,60;90
2329,華泰,24,806015
2330,台積電,24,25930380,253952,60;90
2331,精英,25,557403,253952,60;90
2332,友訊,27,651996,253984,60
2337,旺宏,24,3616471,4
2338,光罩,24,252713,127008,60
2340,光磊,26,545662,253952,60;90
2342,茂矽,24,372254,5
2344,華邦電,24,3580000,253952,60;90
2345,智邦,27,537755,127008,60
2347,聯強,29,1588520,253952,60;90
2348,海悅,20,85600,253952,50;100
2349,錸德,26,2612927
2351,順德,24,182145,253952,60;90
2352,佳世達,25,1966782,253952,60;90
2353,宏碁,25,3081002,253952,50;100
2354,鴻準,31,1395024,253952,60;90
2355,敬鵬,28,397495,253952,60;90
2356,英業達,25,3587475,253952,60;90
2357,華碩,25,742760,253952,60;90
2358,廷鑫,25,85000
2359,所羅門,31,171471,253952,60;90
2360,致茂,31,379693,253952,60;90
2362,藍天,25,683163,253952,60;90
2363,矽統,24,613535,253952,60;90
2364,倫飛,25,190161,5
2365,昆盈,25,291598,253952,60;90
2367,燿華,28,555965,126976,60;90
2368,金像電,28,564912,253952,60;90
2369,菱生,24,380102,127008,60
2371,大同,5,2339536,253952,60;90
2373,震旦行,31,337432,253952,60;90
2374,佳能,26,282603,253952,60;90
2375,智寶,28,61518,253952,60;90
2376,技嘉,25,629062,127008,60
2377,微星,25,844856,253952,60;90
2379,瑞昱,24,504951,253952,60;90
2380,虹光,25,210571,253952,60;90
2382,廣達,25,3862627,253952,60;90
2383,台光電,28,318123,253952,60;90
2385,群光,28,703810,253952,60;90
2387,精元,25,313345,253952,60;90
2388,威盛,24,493303
2390,云辰,31,215303,253952,60;90
2392,正崴,28,512326,253952,60;90
2393,億光,26,437352,253952,60;90
2395,研華,25,631853,253952,60;90
2397,友通,25,114839,253952,60;90
2399,映泰,25,178100,253952,60;90
2401,凌陽,24,591994,253952,60;90
2402,毅嘉,28,340374,253952,60;90
2404,漢唐,31,238233,253952,60;90
2405,浩鑫,25,348227,253952,60;90
2406,國碩,26,338897,253952,60;90
2408,南亞科,24,2748565,253952,60;90
2409,友達,26,9624245,126976,60;90
2412,中華電,27,7757446,253952,60;90
2413,環科,28,127359,253952,60;90
2414,精技,29,161735,253952,60;90
2415,錩新,28,91077,253952,60;90
2417,圓剛,25,192892,127008,60
2419,仲琦,27,226268,253984,60
2420,新巨,28,152648,253952,60;90
2421,建準,28,250929,253952,60;90
2423,固緯,31,138140,253952,50;100
2424,隴華,25,30000,253952,50;100
2425,承啟,25,109248,253954,60;90
2426,鼎元,26,292783,253952,60;90
2427,三商電,30,187314,253952,60;90
2428,興勤,28,128112,253952,60;90
2430,燦坤,29,167463,253952,60;90
2431,聯昌,28,110927,253952,60;90
2433,互盛電,31,144496,253952,60;90
2434,統懋,24,110677,48
2436,偉詮電,24,221400,253984,60
2437,旺詮,28,66572,127008,60
2438,翔耀,26,95215
2439,美律,27,185027,253952,60;90
2440,太空梭,28,139117
2441,超豐,24,568845,253952,60;90
2442,新美齊,25,199045,253952,60;90
2443,新利虹,28,145687,253952,60;90
2444,友旺,27,85437,253952,60;90
2448,晶電,26,1099844,253952,60;90
2449,京元電子,24,1162294,253952,60;90
2450,神腦,27,258252,253952,60;90
2451,創見,24,430761,126976,60;90
2453,凌群,30,100000,253952,60;90
2454,聯發科,24,1571583,253952,60;90
2455,全新,27,246541,126976,60;90
2456,奇力新,28,126984,253952,60;90
2457,飛宏,28,277688,253952,60;90
2458,義隆,24,441144,253952,60;90
2459,敦吉,29,107300,253952,60;90
2460,建通,28,169200,253952,60;90
2461,光群雷,31,132466,253952,60;90
2462,良得電,28,105337,253952,60;90
2464,盟立,31,191697,253984,60
2465,麗臺,25,107174
2466,冠西電,26,156307,253952,60;90
2467,志聖,28,158744,253952,60;90
2468,華經,30,69961,253952,50;100
2471,資通,30,47253,253952,60;90
2472,立隆電,28,131194,253952,60;90
2474,可成,31,770391,253952,60;90
2475,華映,26,6479454,7
2476,鉅祥,28,182236,253952,60;90
2477,美隆電,31,238815,253952,60;90
2478,大毅,28,254383,127008,60
2480,敦陽科,30,132950,253952,60;90
2481,強茂,24,363598,253952,60;90
2482,連宇,31,62072,253952,60;90
2483,百容,28,110618,253984,60
2484,希華,28,159421,253952,60;90
2485,兆赫,27,317689,253952,60;90
2486,一詮,26,205254,253952,60;90
2488,漢平,31,79999,253952,60;90
2489,瑞軒,26,834362,253984,60
2491,吉祥全,26,70408
2492,華新科,28,560000,253952,60;90
2493,揚博,28,114437,253984,60
2495,普安,31,279228,253952,60;90
2496,卓越,27,46757,5
2497,怡利電,31,118798,253952,60;90
2498,宏達電,27,827419,254464,50;100
2499,東貝,26,315512,253952,60;90
2501,國建,14,1656515,253952,60;90
2504,國產,14,1468000,253952,60;90
2505,國揚,14,576582,253952,60;90
2506,太設,14,387000,253952,60;90
2509,全坤建,14,151752,253952,60;90
2511,太子,14,1623326,253952,60;90
2514,龍邦,20,556923,253952,60;90
2515,中工,14,1530899,253952,60;90
2516,新建,14,231477,253952,60;90
2520,冠德,14,503791,253952,60;90
2524,京城,14,383820,253952,60;90
2527,宏璟,14,270306,253952,60;90
2528,皇普,14,121085,253952,50;100
2530,華建,14,270752,253952,60;90
2534,宏盛,14,589091,253952,60;90
2535,達欣工,14,219622,127008,60
2536,宏普,14,332808,253952,60;90
2537,聯上發,14,267590,253952,60;90
2538,基泰,14,438448,126976,60;90
2539,櫻花建,14,286365,253952,50;100
2540,愛山林,14,146600,253952,50;100
2542,興富發,14,1166626,253984,60
2543,皇昌,14,241983,253952,60;90
2545,皇翔,14,327734,253952,60;90
2546,根基,14,106035,253952,60;90
2547,日勝生,14,894419,253952,60;90
2548,華固,14,276812,253952,60;90
2597,潤弘,14,135000,126976,60;90
2601,益航,18,377617,253952,60;90
2603,長榮,15,3512356,253952,60;90
2605,新興,15,568304,253952,60;90
2606,裕民,15,845055,126976,60;90
2607,榮運,15,1067141,253952,60;90
2608,大榮,15,483582,253984,60
2609,陽明,15,3004440,131120
2610,華航,15,5470890,253952,60;90
2611,志信,15,175619,253952,60;90
2612,中航,15,256473,253952,60;90
2613,中櫃,15,99805,253952,60;90
2614,東森,18,695987,48
2615,萬海,15,2218297,253952,60;90
2616,山隆,23,113883,253952,60;90
2617,台航,15,417294,253952,60;90
2618,長榮航,15,3858945,253952,60;90
2634,漢翔,15,908261,126976,60;90
2637,慧洋-KY,15,514457,253952,60;90
2642,宅配通,15,95467,253952,60;90
2701,萬企,16,397985,253952,60;90
2702,華園,16,94583,253952,50;100
2704,國賓,16,366923,253952,60;90
2705,六福,16,330241,253952,60;90
2706,第一店,16,420226,253952,60;90
2707,晶華,16,126745,253952,60;90
2712,遠雄來,16,105000,253952,50;100
2722,夏都,16,95446,253952,50;100
2723,美食-KY,16,141120,253952,60;90
2727,王品,16,76987,253952,60;90
2731,雄獅,16,70000,126976,60;90
2739,寒舍,16,111526
2801,彰銀,17,8457323,253952,60;90
2809,京城銀,17,1151234,253952,60;90
2812,台中銀,17,3184002,253952,60;90
2816,旺旺保,17,212960,253952,60;90
2820,華票,17,1342960,253952,60;90
2823,中壽,17,3340146,253952,60;90
2832,台產,17,362200,253952,60;90
2834,臺企銀,17,5684661,253952,60;90
2836,高雄銀,17,778865,253952,60;90
2838,聯邦銀,17,2605152,127008,60
2841,台開,14,725890,253952,60;90
2845,遠東銀,17,3033243,253952,60;90
2849,安泰銀,17,1957910,253952,60;90
2850,新產,17,315963,253952,60;90
2851,中再保,17,562275,253952,60;90
2852,第一保,17,301163,253952,60;90
2855,統一證,17,1295248,253952,60;90
2856,元富證,17,1570688,253952,60;90
2867,三商壽,17,1687702,253952,60;90
2880,華南金,17,9906304,253952,60;90
2881,富邦金,17,10233604,253952,60;90
2881A,富邦特,17,6000000
2882,國泰金,17,12563210,253952,60;90
2883,開發金,17,15117022,253952,60;90
2884,玉山金,17,7951700,253952,60;90
2885,元大金,17,12098647,155648
2886,兆豐金,17,13599824,253952,60;90
2887,台新金,17,9224826,253952,60;90
2888,新光金,17,10228144,253952,60;90
2889,國票金,17,2676486,253952,60;90
2890,永豐金,17,10177980,253952,60;90
2891,中信金,17,18054780,253952,60;90
2892,第一金,17,11461106,253952,60;90
2901,欣欣,18,73043,253952,60;90
2903,遠百,18,1416940,253952,60;90
2904,匯僑,20,69034,253952,60;90
2905,三商,18,681338,253952,60;90
2906,高林,18,211981,126976,60;90
2908,特力,18,509887,253952,60;90
2910,統領,18,208725,253952,50;100
2911,麗嬰房,18,204324,253952,60;90
2912,統一超,18,1039622,253952,60;90
2913,農林,18,770000,253952,60;90
2915,潤泰全,18,941434,253952,60;90
2923,鼎固-KY,14,1740297
2929,淘帝-KY,18,58080,253952,60;90
3002,歐格,25,102000,253952,50;100
3003,健和興,28,155654,253952,60;90
3004,豐達科,10,52647,253952,60;90
3005,神基,25,566487,253952,60;90
3006,晶豪科,24,273102,253952,60;90
3008,大立光,26,134140,253952,60;90
3010,華立,29,231390,253952,60;90
3011,今皓,28,112719,253952,60;90
3013,晟銘電,25,177935,253952,60;90
3014,聯陽,24,157874,127008,60
3015,全漢,28,192262,253952,60;90
3016,嘉晶,24,244179,253952,60;90
3017,奇鋐,25,353310,253952,60;90
3018,同開,31,52423,254016,60;90
3019,亞光,26,281083,253952,60;90
3021,鴻名,28,107959,253952,60;90
3022,威強電,25,328314,253952,60;90
3023,信邦,28,217934,253952,60;90
3024,憶聲,26,277157
3025,星通,27,70920,253952,60;90
3026,禾伸堂,28,224215,253952,60;90
3027,盛達,27,97634,253952,60;90
3028,增你強,29,213824,126976,60;90
3029,零壹,30,121265,253952,60;90
3030,德律,31,236216,253952,60;90
3031,佰鴻,26,196674,253952,60;90
3032,偉訓,28,103285,253952,60;90
3033,威健,29,283009,253952,60;90
3034,聯詠,24,608511,127008,60
3035,智原,24,248550,253952,60;90
3036,文曄,29,447637,253952,60;90
3037,欣興,28,1538606,253952,60;90
3038,全台,26,200907,253952,60;90
3040,遠見,20,63000,126976,60;90
3041,揚智,24,302828,253952,60;90
3042,晶技,28,309757,253952,60;90
3043,科風,31,194878,5
3044,健鼎,28,525605,253952,60;90
3045,台灣大,27,3420832,253952,60;90
3046,建碁,25,118627
3047,訊舟,27,198889,127008,60
3048,益登,29,202338,253952,60;90
3049,和鑫,26,736948,48
3050,鈺德,26,152067,253952,60;90
3051,力特,26,325332
3052,夆典,14,233004,253952,60;90
3054,立萬利,24,108113,253952,60;90
3055,蔚華科,29,132804,127008,60
3056,總太,14,229347,253952,60;90
3057,喬鼎,25,162172,253952,60;90
3058,立德,28,171519,253952,60;90
3059,華晶科,26,274253,253952,60;90
3060,銘異,25,174202,253984,60
3062,建漢,27,329011,253952,60;90
3090,日電貿,28,166969,126976,60;90
3094,聯傑,24,83255,253952,60;90
3130,一零四,30,33123,253952,50;100
3149,正達,26,268115,48
3164,景岳,22,88911,253952,60;90
3167,大量,5,79978,253952,60;90
3189,景碩,24,446000,253952,60;90
3209,全科,29,119419,253984,60
3229,晟鈦,28,93515,253952,60;90
3231,緯創,25,2555482,253952,60;90
3257,虹冠電,24,60042,253952,60;90
3266,昇陽,14,352314,253952,60;90
3296,勝德,28,108224,253952,60;90
3305,昇貿,31,121489,253952,60;90
3308,聯德,28,99949,253952,50;100
3311,閎暉,27,189383,253952,60;90
3312,弘憶股,29,128500,253952,60;90
3315,宣昶,29,70281,253952,60;90
3321,同泰,28,89000,253952,60;90
3338,泰碩,28,69612,253952,60;90
3356,奇偶,26,77540,253952,60;90
3376,新日興,28,178725,253952,60;90
3380,明泰,27,442914,253952,60;90
3383,新世紀,26,317978,253952,60;90
3406,玉晶光,26,99771,253952,60;90
3413,京鼎,24,68000,253952,60;90
3416,融程電,25,60181,253952,60;90
3419,譁裕,27,120682,253952,60;90
3432,台端,28,66586,253952,60;90
3437,榮創,26,147956,253952,60;90
3443,創意,24,134011,253952,60;90
3450,聯鈞,31,91970,127008,60
3454,晶睿,26,77256,253952,60;90
3474,華亞科,24,6585860,253952,60;90
3481,群創,26,9952351,127008,60
3494,誠研,25,179450,253952,60;90
3501,維熹,28,118257,253952,60;90
3504,揚明光,26,114059,253952,60;90
3514,昱晶,26,449678,253952,60;90
3515,華擎,25,115041,253952,60;90
3518,柏騰,31,84207,127008,60
3519,綠能,24,414261,253952,60;90
3528,安馳,29,61591,253952,60;90
3532,台勝科,24,775696
3533,嘉澤,28,93477,253952,60;90
3535,晶彩科,26,78597,253952,60;90
3536,誠創,24,96800,2
3545,敦泰,24,294213,253952,60;90
3550,聯穎,28,85000,126976,60;90
3557,嘉威,26,109434,48
3559,全智科,24,120511,253952,60;90
3561,昇陽光電,26,371269,253952,60;90
3576,新日光,26,1018004,253952,60;90
3579,尚志,24,115597,253952,60;90
3583,辛耘,24,81139,253952,60;90
3588,通嘉,24,46309,253952,60;90
3591,艾笛森,26,132623,253952,60;90
3593,力銘,28,112743,48
3596,智易,27,189143,253952,60;90
3605,宏致,28,123883,253952,60;90
3607,谷崧,28,125151,253984,60
3617,碩天,31,80892,253952,50;100
3622,洋華,26,151327,253954,60;90
3645,達邁,28,117388,253952,60;90
3653,健策,28,106324,253952,60;90
3661,世芯-KY,24,61567,253952,60;90
3665,貿聯-KY,31,93340,253952,60;90
3669,圓展,26,97482,253952,60;90
3673,TPK-KY,26,346633,253952,60;90
3679,新至陞,28,80265,253952,60;90
3682,亞太電,27,4300627,131120
3686,達能,24,349626,253952,60;90
3694,海華,27,129838,253952,60;90
3698,隆達,26,582643,253952,60;90
3702,大聯大,29,1655709,253952,60;90
3703,欣陸,14,823216,253952,60;90
3704,合勤控,27,451177,253952,60;90
3705,永信,22,266423,253984,60
3706,神達,25,779425,253952,60;90
4104,佳醫,22,121780,253952,60;90
4106,雃博,22,83385,253952,60;90
4108,懷特,22,163616,253952,60;90
4119,旭富,22,76289,253952,60;90
4133,亞諾法,22,58046,253952,60;90
4137,麗豐-KY,22,79492,253952,60;90
4141,龍燈-KY,22,151912,253952,60;90
4142,國光生,22,237613,253952,60;90
4144,康聯-KY,22,78139,253952,60;90
4164,承業醫,22,139723,127008,60
4190,佐登-KY,22,58469,127008,60
4306,炎洲,3,451284,253952,60;90
4414,如興,4,152328,48
4426,利勤,4,91172,253952,60;90
4526,東台,5,256026,126976,60;90
4532,瑞智,5,468404,126976,60;90
4536,拓凱,20,90820,253952,50;100
4545,銘鈺,28,77000
4551,智伸科,5,81934,253952,60;90
4555,氣立,5,66880,127008,60
4557,永新-KY,5,34243,253952,60;90
4720,德淵,21,81076,253952,60;90
4722,國精化,21,95246,253952,60;90
4725,信昌化,21,291975,253952,60;90
4733,上緯,21,88585,127008,60
4737,華廣,22,63446,253952,60;90
4746,台耀,22,87468,253952,60;90
4755,三福化,21,89835,253952,50;100
4763,材料-KY,21,46480,253952,60;90
4904,遠傳,27,3258500,127008,60
4906,正文,27,302841,253952,60;90
4912,聯德-KY,28,39541,253952,60;90
4915,致伸,25,441902,253952,60;90
4916,事欣科,25,67899,253952,50;100
4919,新唐,24,207554,253952,60;90
4927,泰鼎-KY,28,122594,253952,60;90
4930,燦星網,6,134300,253952,60;90
4934,太極,26,356545,253984,60
4935,茂林-KY,26,140937,253952,60;90
4938,和碩,25,2576068,253952,60;90
4942,嘉彰,26,146202,253952,60;90
4952,凌通,24,108815,253952,60;90
4956,光鋐,26,100408,253952,60;90
4958,臻鼎-KY,28,804748,253952,60;90
4960,奇美材,26,515728,253952,60;90
4968,立積,24,49897,253984,50
4976,佳凌,26,104933,253952,60;90
4977,眾達-KY,27,51501,253952,60;90
4984,科納-KY,27,45547,253952,50;100
4994,傳奇,30,110639,253952,60;90
4999,鑫禾,28,74417,253952,60;90
5007,三星,10,294940,253952,60;90
5203,訊連,30,96854,253952,60;90
5215,科嘉-KY,25,54337,127008,60
5225,東科-KY,31,61002,253952,60;90
5234,達興材料,26,93378,253952,60;90
5243,乙盛-KY,26,173528,253952,60;90
5259,清惠,26,72033,55
5264,鎧勝-KY,25,339707,253952,60;90
5269,祥碩,24,57086,253952,60;90
5285,界霖,24,74800,253952,60;90
5288,豐祥-KY,5,64932,253952,60;90
5305,敦南,24,309062,253952,60;90
5388,中磊,27,242919,253952,60;90
5434,崇越,29,162646,253952,60;90
5469,瀚宇博,28,455436,253952,60;90
5471,松翰,24,167877,253984,60
5484,慧友,26,115507,48
5515,建國,14,337900,253952,60;90
5519,隆大,14,183063,253952,60;90
5521,工信,14,347527,253952,60;90
5522,遠雄,14,835433,253952,60;90
5525,順天,14,253090,253952,60;90
5531,鄉林,14,882310,253952,60;90
5533,皇鼎,14,271335,253952,60;90
5534,長虹,14,278387,253952,60;90
5538,東明-KY,10,168000,253952,50;100
5607,遠雄港,15,169979,253952,60;90
5608,四維航,15,423560,253952,60;90
5706,鳳凰,16,64039,253952,60;90
5871,中租-KY,20,1139230,253952,60;90
5880,合庫金,17,11072229,253952,60;90
5907,大洋-KY,18,199499,253952,60;90
6005,群益證,17,2269073,253952,60;90
6108,競國,28,159899,253952,60;90
6112,聚碩,30,91720,253952,60;90
6115,鎰勝,28,178916,253952,60;90
6116,彩晶,26,3233933,48
6117,迎廣,25,88650,253952,50;100
6120,達運,26,700516,126976,60;90
6128,上福,25,91088,253952,60;90
6131,悠克,26,101926,48
6133,金橋,28,117006,253952,50;100
6136,富爾特,27,115536,253952,60;90
6139,亞翔,31,211287,253952,60;90
6141,柏承,28,133064,253952,60;90
6142,友勁,27,268235,253952,60;90
6145,勁永,29,325533,253952,60;90
6152,百一,27,172400,253952,60;90
6153,嘉聯益,28,323159,253952,60;90
6155,鈞寶,28,85096,253952,50;100
6164,華興,26,118303,253952,60;90
6165,捷泰,28,49682
6166,凌華,25,217074,253952,60;90
6168,宏齊,26,207201,253952,60;90
6172,互億,25,30000,4
6176,瑞儀,26,465027,253952,60;90
6177,達麗,14,198106,253952,60;90
6183,關貿,30,150000,253952,50;100
6184,大豐電,20,140027,253952,60;90
6189,豐藝,29,179045,253952,60;90
6191,精成科,28,531546,253952,60;90
6192,巨路,31,118710,253952,60;90
6196,帆宣,31,165069,253952,60;90
6197,佳必琪,28,173447,253952,60;90
6201,亞弘電,31,89200,253952,50;100
6202,盛群,24,226168,253952,60;90
6205,詮欣,28,71839,127008,60
6206,飛捷,25,146368,253952,60;90
6209,今國光,26,162575,253952,60;90
6213,聯茂,28,302957,253952,60;90
6214,精誠,30,269393,253952,60;90
6215,和椿,31,82789,127008,50
6216,居易,27,78371,253952,60;90
6224,聚鼎,28,80001,127008,60
6225,天瀚,26,93922,5
6226,光鼎,26,93781,253952,60;90
6230,超眾,25,86343,253952,60;90
6235,華孚,25,161452
6239,力成,24,779146,253952,60;90
6243,迅杰,24,74976,253952,60;90
6251,定穎,28,281059,253952,60;90
6257,矽格,24,359886,253952,60;90
6269,台郡,28,278047,253952,60;90
6271,同欣電,24,162907,253952,60;90
6277,宏正,25,119471,253952,60;90
6278,台表科,26,295398,253952,60;90
6281,全國電,29,99172,253952,60;90
6282,康舒,28,518119,253952,60;90
6283,淳安,27,142380
6285,啟碁,27,335224,253952,60;90
6289,華上,26,269260,7
6405,悅城,26,65800,253952,60;90
6409,旭隼,31,74337,253952,60;90
6412,群電,28,370026,253952,60;90
6414,樺漢,25,70495,253952,60;90
6415,矽力-KY,24,78399,253952,60;90
6422,君耀-KY,28,36651,253952,60;90
6431,光麗-KY,26,45642,253952,60;90
6442,光聖,27,66000,253952,60;90
6443,元晶,26,351855,253952,60;90
6449,鈺邦,28,73190,127008,60
6451,訊芯-KY,24,105446,253952,60;90
6452,康友-KY,22,65000,253952,60;90
6456,GIS-KY,26,309451,253952,60;90
6464,台數科,20,124367,253952,50;100
6477,安集,26,73680
6504,南六,20,72600,253952,60;90
6505,台塑化,23,9525959,253952,60;90
6525,捷敏-KY,24,106650
6531,愛普,24,70043
6605,帝寶,5,165816,253952,60;90
6702,興航,15,633659,253952,60;90
8011,台通,27,101877,253952,60;90
8016,矽創,24,119137,126976,60;90
8021,尖點,31,159478,253952,60;90
8033,雷虎,20,128729
8039,台虹,28,204285,253952,60;90
8046,南電,28,646165,126976,60;90
8070,長華,29,70977,253952,60;90
8072,陞泰,26,100000,127008,50
8081,致新,24,86172,253952,60;90
8101,華冠,27,416177,48
8103,瀚荃,28,78268,253952,60;90
8105,凌巨,26,441544,253952,60;90
8110,華東,24,482770,253952,60;90
8112,至上,29,271403,253952,60;90
8114,振樺電,25,67632,253952,60;90
8131,福懋科,24,442222,253952,60;90
8150,南茂,24,897219,126976,60;90
8163,達方,25,297902,126976,60;90
8210,勤誠,25,120126,127008,60
8213,志超,28,271242,126976,60;90
8215,明基材,26,320674,253952,60;90
8222,寶一,5,68373,253952,50;100
8249,菱光,28,127055,253952,60;90
8261,富鼎,24,81580,253984,60
8271,宇瞻,24,150593,253952,60;90
8341,日友,20,111500,126976,60;90
8374,羅昇,5,87608,253952,60;90
8404,百和興業-KY,20,223317,253952,60;90
8411,福貞-KY,20,151621,253952,60;90
8422,可寧衛,20,108888,126976,60;90
8427,基勝-KY,20,104261,253952,60;90
8429,金麗-KY,18,128831,253952,60;90
8443,阿瘦,18,66800,253952,50;100
8454,富邦媒,18,142058,253952,60;90
8463,潤泰材,20,150000,253952,60;90
8464,億豐,20,293020,253952,60;90
8467,波力-KY,20,52360,253952,60;90
8926,台汽電,23,589048,253952,60;90
8940,新天地,16,67491,253952,60;90
8996,高力,5,89384,253952,60;90
9103,美德醫療-DR,,71454,253952,60;90
910322,康師傅-DR,,91651,98352
910482,聖馬丁-DR,,25246,98356
9105,泰金寶-DR,,414240,253952,60;90
9106,新焦點-DR,,187878,52
910708,恒大健-DR,,113331
910801,金衛-DR,,71405,253952,60;90
910861,神州-DR,,49113
9110,越南控-DR,,3816
911608,明輝-DR,,52689
911611,中泰山-DR,,270765,310
911616,杜康-DR,,111430,253952,60;90
911619,耀傑-DR,,57690,98352
911622,泰聚亨-DR,,558079,258
911868,同方友友-DR,,35624,52
912000,晨訊科-DR,,104346,98352
912398,友佳-DR,,1906
9136,巨騰-DR,,47430,253984,60
9157,陽光能源-DR,,14147,304
9188,精熙-DR,,3498,98352
9802,鈺齊-KY,20,133367,253984,60
9902,台火,20,98049,126976,60;90
9904,寶成,20,2946787,126976,60;90
9905,大華,20,305000,253952,60;90
9906,欣巴巴,14,70000,253952,50;100
9907,統一實,20,1579145,253952,60;90
9908,大台北,23,516358,253952,60;90
9910,豐泰,20,596375,253952,60;90
9911,櫻花,20,276401,253952,60;90
9912,偉聯,25,53512,253952,60;90
9914,美利達,20,298983,253952,60;90
9917,中保,20,451197,253952,60;90
9918,欣天然,23,180537,253952,50;100
9919,康那香,20,197126,253952,60;90
9921,巨大,20,375064,253952,60;90
9924,福興,20,188452,253952,60;90
9925,新保,20,383653,253952,60;90
9926,新海,23,173433,253952,50;100
9927,泰銘,20,209148,253952,60;90
9928,中視,20,132724,4
9929,秋雨,20,168800
9930,中聯資源,20,225945,253952,60;90
9931,欣高,23,102250,253952,50;100
9933,中鼎,20,763273,253952,60;90
9934,成霖,20,354304,253952,60;90
9935,慶豐富,20,153623
9937,全國,23,309043,253952,60;90
9938,百和,20,297963,253952,60;90
9939,宏全,20,292878,253952,60;90
9940,信義,20,631839,253952,60;90
9941,裕融,20,268396,253952,60;90
9942,茂順,20,83161,253952,60;90
9943,好樂迪,16,147317,253952,60;90
9944,新麗,20,109107,253952,60;90
9945,潤泰新,20,1393408,253952,60;90
9946,三發地產,14,261526,253952,60;90
9955,佳龍,20,103208,253952,60;90
9958,世紀鋼,10,185558,253952,60;90
